1971.875  2.30824152676
1972.30769231  3.55452235561
1974.32692308  6.09756235221
1979.56730769  29.1637757405
1982.30769231  135.772714211
1985.91346154  273.841963426
1988.65384615  121.881418484
1989.47115385  1207.90074743
1990.57692308  1207.90074743
1992.69230769  3105.90022362
1993.41346154  3105.90022362
1995.43269231  9646.61619911
1996.82692308  9646.61619911
1998.89423077  15261.3780258
1999.47115385  21673.9216957
2000.67307692  37180.2666391
2001.20192308  42550.6550247
2002.40384615  55730.6040127
2003.65384615  106498.563535
2004.80769231  125214.968907
2004.80769231  273841.963426
2005.96153846  305052.789027
2006.97115385  582941.534714
2007.78846154  805842.187761
2009.66346154  2308241.52676
2010.19230769  410469.838044
2010.38461538  1309747.2643
2011.32   2600000
2013.4    5000000
2014.82   5700000
2016.33   7200000
2016.67   8000000
2017.5    19200000